[ 30
, 61
, 90
, 91
, 122
, 150
, 152
, 181
, 182
, 210
, 211
, 212
, 243
, 270
, 273
, 301
, 303
, 330
, 331
, 333
, 362
, 363
, 390
, 392
, 393
, 421
, 422
, 423
, 450
, 451
, 452
, 453
, 484
, 510
, 514
, 541
, 544
, 570
, 571
, 574
, 602
, 604
, 630
, 632
, 634
, 661
, 662
, 664
, 690
, 691
, 692
, 694
, 723
, 724
, 750
, 753
, 754
, 781
, 783
, 784
, 810
, 811
, 813
, 814
, 842
, 843
, 844
, 870
, 872
, 873
, 874
, 901
, 902
, 903
, 904
, 930
, 931
, 932
, 933
, 934
, 137
, 165
, 167
, 196
, 197
, 225
, 226
, 227
, 263
, 290
, 293
, 321
, 323
, 350
, 351
, 353
, 377
, 382
, 378
, 383
, 405
, 410
, 407
, 412
, 408
, 413
, 436
, 441
, 437
, 442
, 438
, 443
, 465
, 470
, 466
, 471
, 467
, 472
, 468
, 473
, 509
, 535
, 539
, 566
, 569
, 595
, 596
, 599
, 617
, 627
, 619
, 629
, 645
, 655
, 647
, 657
, 649
, 659
, 676
, 686
, 677
, 687
, 679
, 689
, 705
, 715
, 706
, 716
, 707
, 717
, 709
, 719
, 743
, 748
, 744
, 749
, 770
, 775
, 773
, 778
, 774
, 779
, 801
, 806
, 803
, 808
, 804
, 809
, 830
, 835
, 831
, 836
, 833
, 838
, 834
, 839
, 857
, 862
, 867
, 858
, 863
, 868
, 859
, 864
, 869
, 885
, 890
, 895
, 887
, 892
, 897
, 888
, 893
, 898
, 889
, 894
, 899
, 916
, 921
, 926
, 917
, 922
, 927
, 918
, 923
, 928
, 919
, 924
, 929
, 945
, 950
, 955
, 946
, 951
, 956
, 947
, 952
, 957
, 948
, 953
, 958
, 949
, 954
, 959
]
