]
, 122
, 137
, 150
, 152
, 165
, 167
, 181
, 182
, 196
, 197
, 210
, 211
, 212
, 225
, 226
, 227
, 243
, 263
, 270
, 273
, 290
, 293
[ 30
, 301
, 303
, 321
, 323
, 330
, 331
, 333
, 350
, 351
, 353
, 362
, 363
, 377
, 378
, 382
, 383
, 390
, 392
, 393
, 405
, 407
, 408
, 410
, 412
, 413
, 421
, 422
, 423
, 436
, 437
, 438
, 441
, 442
, 443
, 450
, 451
, 452
, 453
, 465
, 466
, 467
, 468
, 470
, 471
, 472
, 473
, 484
, 509
, 510
, 514
, 535
, 539
, 541
, 544
, 566
, 569
, 570
, 571
, 574
, 595
, 596
, 599
, 602
, 604
, 61
, 617
, 619
, 627
, 629
, 630
, 632
, 634
, 645
, 647
, 649
, 655
, 657
, 659
, 661
, 662
, 664
, 676
, 677
, 679
, 686
, 687
, 689
, 690
, 691
, 692
, 694
, 705
, 706
, 707
, 709
, 715
, 716
, 717
, 719
, 723
, 724
, 743
, 744
, 748
, 749
, 750
, 753
, 754
, 770
, 773
, 774
, 775
, 778
, 779
, 781
, 783
, 784
, 801
, 803
, 804
, 806
, 808
, 809
, 810
, 811
, 813
, 814
, 830
, 831
, 833
, 834
, 835
, 836
, 838
, 839
, 842
, 843
, 844
, 857
, 858
, 859
, 862
, 863
, 864
, 867
, 868
, 869
, 870
, 872
, 873
, 874
, 885
, 887
, 888
, 889
, 890
, 892
, 893
, 894
, 895
, 897
, 898
, 899
, 90
, 901
, 902
, 903
, 904
, 91
, 916
, 917
, 918
, 919
, 921
, 922
, 923
, 924
, 926
, 927
, 928
, 929
, 930
, 931
, 932
, 933
, 934
, 945
, 946
, 947
, 948
, 949
, 950
, 951
, 952
, 953
, 954
, 955
, 956
, 957
, 958
, 959
